name: torch-light
channels:
  - conda-forge
  - defaults
dependencies:
  - blas=1.0=mkl
  - bzip2=1.0.8=h8ffe710_4
  - ca-certificates=2022.12.7=h5b45459_0
  - cffi=1.15.1=py310h628cb3f_3
  - colorama=0.4.6=pyhd8ed1ab_0
  - fsspec=2023.1.0=pyhd8ed1ab_0
  - future=0.18.3=pyhd8ed1ab_0
  - intel-openmp=2023.0.0=h57928b3_25922
  - libblas=3.9.0=12_win64_mkl
  - libcblas=3.9.0=12_win64_mkl
  - libffi=3.4.2=h8ffe710_5
  - libhwloc=2.8.0=h039e092_1
  - libiconv=1.17=h8ffe710_0
  - liblapack=3.9.0=12_win64_mkl
  - libsqlite=3.40.0=hcfcfb64_0
  - libuv=1.44.2=h8ffe710_0
  - libxml2=2.10.3=hc3477c8_0
  - libzlib=1.2.13=hcfcfb64_4
  - lightning-utilities=0.6.0.post0=pyhd8ed1ab_0
  - mkl=2021.4.0=h0e2418a_729
  - mkl-service=2.4.0=py310hcf6e17e_0
  - ninja=1.11.0=h2d74725_0
  - numpy=1.24.1=py310hd02465a_0
  - openssl=3.0.7=hcfcfb64_2
  - packaging=23.0=pyhd8ed1ab_0
  - pip=22.3.1=pyhd8ed1ab_0
  - pthreads-win32=2.9.1=hfa6e2cd_3
  - pycparser=2.21=pyhd8ed1ab_0
  - python=3.10.8=h4de0772_0_cpython
  - python_abi=3.10=3_cp310
  - pytorch=1.12.1=cpu_py310h5e1f01c_0
  - pytorch-lightning=1.9.0=pyhd8ed1ab_1
  - pyyaml=6.0=py310h8d17308_5
  - setuptools=66.1.1=pyhd8ed1ab_0
  - six=1.16.0=pyh6c4a22f_0
  - tbb=2021.7.0=h91493d7_1
  - tk=8.6.12=h8ffe710_0
  - torchmetrics=0.11.0=pyhd8ed1ab_0
  - tqdm=4.64.1=pyhd8ed1ab_0
  - typing-extensions=4.4.0=hd8ed1ab_0
  - typing_extensions=4.4.0=pyha770c72_0
  - tzdata=2022g=h191b570_0
  - ucrt=10.0.22621.0=h57928b3_0
  - vc=14.3=hb6edc58_10
  - vs2015_runtime=14.34.31931=h4c5c07a_10
  - wheel=0.38.4=pyhd8ed1ab_0
  - xz=5.2.6=h8d14728_0
  - yaml=0.2.5=h8ffe710_2
  - pip:
    - appdirs==1.4.4
    - certifi==2022.12.7
    - charset-normalizer==3.0.1
    - click==8.1.3
    - docker-pycreds==0.4.0
    - gitdb==4.0.10
    - gitpython==3.1.31
    - idna==3.4
    - pathtools==0.1.2
    - protobuf==4.22.0
    - psutil==5.9.4
    - requests==2.28.2
    - sentry-sdk==1.15.0
    - setproctitle==1.3.2
    - smmap==5.0.0
    - urllib3==1.26.14
    - wandb==0.13.10
prefix: C:\Users\tdrap\anaconda3\envs\torch-light
