name: torch-light
channels:
  - conda-forge
  - defaults
dependencies:
  - blas=1.0=mkl
  - brotlipy=0.7.0=py310h8d17308_1005
  - bzip2=1.0.8=h8ffe710_4
  - ca-certificates=2022.12.7=h5b45459_0
  - cffi=1.15.1=py310h628cb3f_3
  - colorama=0.4.6=pyhd8ed1ab_0
  - cryptography=39.0.1=py310h6e82f81_0
  - freetype=2.12.1=h546665d_1
  - fsspec=2023.1.0=pyhd8ed1ab_0
  - future=0.18.3=pyhd8ed1ab_0
  - idna=3.4=pyhd8ed1ab_0
  - intel-openmp=2023.0.0=h57928b3_25922
  - jpeg=9e=hcfcfb64_3
  - lcms2=2.14=ha5c8aab_1
  - lerc=4.0.0=h63175ca_0
  - libblas=3.9.0=12_win64_mkl
  - libcblas=3.9.0=12_win64_mkl
  - libdeflate=1.17=hcfcfb64_0
  - libffi=3.4.2=h8ffe710_5
  - libhwloc=2.8.0=h039e092_1
  - libiconv=1.17=h8ffe710_0
  - liblapack=3.9.0=12_win64_mkl
  - libpng=1.6.39=h19919ed_0
  - libsqlite=3.40.0=hcfcfb64_0
  - libtiff=4.5.0=hf8721a0_2
  - libuv=1.44.2=h8ffe710_0
  - libwebp-base=1.2.4=h8ffe710_0
  - libxcb=1.13=hcd874cb_1004
  - libxml2=2.10.3=hc3477c8_0
  - libzlib=1.2.13=hcfcfb64_4
  - lightning-utilities=0.6.0.post0=pyhd8ed1ab_0
  - m2w64-gcc-libgfortran=5.3.0=6
  - m2w64-gcc-libs=5.3.0=7
  - m2w64-gcc-libs-core=5.3.0=7
  - m2w64-gmp=6.1.0=2
  - m2w64-libwinpthread-git=5.0.0.4634.697f757=2
  - mkl=2021.4.0=h0e2418a_729
  - mkl-service=2.4.0=py310hcf6e17e_0
  - msys2-conda-epoch=20160418=1
  - ninja=1.11.0=h2d74725_0
  - numpy=1.24.1=py310hd02465a_0
  - openjpeg=2.5.0=ha2aaf27_2
  - openssl=3.0.8=hcfcfb64_0
  - packaging=23.0=pyhd8ed1ab_0
  - pillow=9.4.0=py310hdbb7713_1
  - pip=22.3.1=pyhd8ed1ab_0
  - pthread-stubs=0.4=hcd874cb_1001
  - pthreads-win32=2.9.1=hfa6e2cd_3
  - pycparser=2.21=pyhd8ed1ab_0
  - pyopenssl=23.0.0=pyhd8ed1ab_0
  - pysocks=1.7.1=pyh0701188_6
  - python=3.10.8=h4de0772_0_cpython
  - python_abi=3.10=3_cp310
  - pytorch=1.12.1=cpu_py310h5e1f01c_0
  - pytorch-lightning=1.9.0=pyhd8ed1ab_1
  - pyyaml=6.0=py310h8d17308_5
  - requests=2.28.2=pyhd8ed1ab_0
  - setuptools=66.1.1=pyhd8ed1ab_0
  - six=1.16.0=pyh6c4a22f_0
  - tbb=2021.7.0=h91493d7_1
  - tk=8.6.12=h8ffe710_0
  - torchmetrics=0.11.0=pyhd8ed1ab_0
  - torchvision=0.13.1=cpu_py310h378ed51_0
  - tqdm=4.64.1=pyhd8ed1ab_0
  - typing-extensions=4.4.0=hd8ed1ab_0
  - typing_extensions=4.4.0=pyha770c72_0
  - tzdata=2022g=h191b570_0
  - ucrt=10.0.22621.0=h57928b3_0
  - urllib3=1.26.14=pyhd8ed1ab_0
  - vc=14.3=hb6edc58_10
  - vs2015_runtime=14.34.31931=h4c5c07a_10
  - wheel=0.38.4=pyhd8ed1ab_0
  - win_inet_pton=1.1.0=pyhd8ed1ab_6
  - xorg-libxau=1.0.9=hcd874cb_0
  - xorg-libxdmcp=1.1.3=hcd874cb_0
  - xz=5.2.6=h8d14728_0
  - yaml=0.2.5=h8ffe710_2
  - zstd=1.5.2=h12be248_6
  - pip:
    - appdirs==1.4.4
    - certifi==2022.12.7
    - charset-normalizer==3.0.1
    - click==8.1.3
    - docker-pycreds==0.4.0
    - gitdb==4.0.10
    - gitpython==3.1.31
    - pathtools==0.1.2
    - protobuf==4.22.0
    - psutil==5.9.4
    - sentry-sdk==1.15.0
    - setproctitle==1.3.2
    - smmap==5.0.0
    - wandb==0.13.10
prefix: C:\Users\tdrap\anaconda3\envs\torch-light
